 26.00 5b
 51.00 59
 77.00 59
 102.00 58
 128.00 57
 154.00 57
 179.00 56
 205.00 55
 230.00 55
 256.00 54
 282.00 54
 307.00 54
 333.00 53
 358.00 53
 384.00 52
 410.00 51
 435.00 51
 461.00 50
 486.00 50
 512.00 4f
 538.00 4f
 563.00 4f
 589.00 4e
 614.00 4e
 640.00 4d
 666.00 4e
 691.00 4d
 717.00 4d
 742.00 4c
 768.00 4c
 793.00 4c
 819.00 4b
 845.00 4b
 870.00 4b
 896.00 4b
 921.00 4b
 947.00 4a
 973.00 4a
 998.00 4a
 1024.00 4a
 1049.00 4a
 1075.00 4a
 1101.00 49
 1126.00 49
 1152.00 49
 1177.00 49
 1203.00 49
 1229.00 48
 1254.00 48
 1280.00 48
 1305.00 47
 1357.00 47
 1382.00 47
 1408.00 47
 1433.00 46
 1459.00 46
 1484.00 46
 1510.00 46
 1536.00 46
 1561.00 45
 1587.00 45
 1612.00 45
 1638.00 45
 1664.00 45
 1689.00 44
 1715.00 44
