[02],[5a],[00],[00],[63],[00],[00],[b1],1624688909
[02],[59],[00],[01],[63],[00],[ff],[b1],1624688909
[02],[5a],[00],[02],[63],[00],[ff],[b1],1624688909
[02],[59],[00],[03],[63],[00],[ff],[b1],1624688909
[02],[5a],[00],[04],[63],[00],[ff],[b1],1624688909
[02],[5a],[00],[05],[63],[00],[ff],[b1],1624688909
[02],[59],[00],[06],[63],[00],[ff],[b1],1624688909
[02],[59],[00],[07],[63],[00],[ff],[b1],1624688910
[02],[5a],[00],[08],[63],[00],[00],[b1],1624688910
[02],[59],[00],[09],[63],[00],[00],[b1],1624688910
[02],[5a],[00],[0a],[63],[00],[00],[b1],1624688910
[02],[59],[00],[0b],[63],[00],[00],[b1],1624688910
[02],[5a],[00],[0c],[63],[ff],[ff],[b1],1624688910
[02],[5a],[00],[0d],[63],[ff],[00],[b1],1624688910
[02],[5a],[00],[0e],[63],[ff],[ff],[b1],1624688910
[02],[59],[00],[0f],[62],[ff],[ff],[b1],1624688910
[02],[5a],[00],[10],[62],[ff],[ff],[b1],1624688910
[02],[59],[00],[11],[63],[ff],[ff],[b1],1624688910
[02],[59],[00],[12],[62],[00],[00],[b1],1624688911
[02],[59],[00],[13],[62],[ff],[ff],[b1],1624688911
[02],[59],[00],[14],[62],[ff],[00],[b1],1624688911
[02],[59],[00],[15],[62],[ff],[00],[b1],1624688911
[02],[5a],[00],[16],[63],[ff],[00],[b1],1624688911
[02],[59],[00],[17],[63],[ff],[00],[b1],1624688911
[02],[00],[FF],[18],[00],[00],[00],[00],1624688911
[02],[5a],[00],[19],[62],[ff],[ff],[b1],1624688911
[02],[5a],[00],[1a],[62],[ff],[ff],[b1],1624688911
[02],[5a],[00],[1b],[62],[ff],[ff],[b1],1624688911
[02],[5a],[00],[1c],[62],[ff],[ff],[b1],1624688912
[02],[5a],[00],[1d],[62],[ff],[ff],[b1],1624688912
[02],[5a],[00],[1e],[62],[ff],[00],[b1],1624688912
[02],[59],[00],[1f],[62],[ff],[ff],[b1],1624688912
[02],[59],[00],[20],[62],[ff],[00],[b1],1624688912
[02],[59],[00],[21],[62],[ff],[ff],[b1],1624688912
[02],[59],[00],[22],[62],[ff],[00],[b1],1624688912
[02],[5a],[00],[23],[62],[ff],[00],[b1],1624688912
[02],[59],[00],[24],[62],[00],[00],[b1],1624688912
[02],[59],[00],[25],[62],[ff],[00],[b1],1624688912
[02],[59],[00],[26],[62],[ff],[00],[b1],1624688913
[02],[59],[00],[27],[62],[ff],[00],[b1],1624688913
[02],[5a],[00],[28],[62],[ff],[00],[b1],1624688913
[02],[59],[00],[29],[62],[ff],[00],[b1],1624688913
[02],[59],[00],[2a],[62],[ff],[00],[b1],1624688913
[02],[59],[00],[2b],[62],[ff],[00],[b1],1624688913
[02],[59],[00],[2c],[62],[ff],[00],[b1],1624688913
[02],[5a],[00],[2d],[62],[ff],[00],[b1],1624688913
[02],[59],[00],[2e],[62],[00],[00],[b1],1624688913
[02],[59],[00],[2f],[62],[ff],[00],[b1],1624688913
[02],[5a],[00],[30],[62],[ff],[00],[b1],1624688914
[02],[59],[00],[31],[62],[00],[00],[b1],1624688914
[02],[59],[00],[32],[62],[ff],[00],[b1],1624688914
[02],[59],[00],[33],[62],[ff],[00],[b1],1624688914
[02],[59],[00],[34],[62],[00],[00],[b1],1624688914
[02],[59],[00],[35],[62],[ff],[00],[b1],1624688914
[02],[59],[00],[36],[62],[ff],[00],[b1],1624688914
[02],[59],[00],[37],[62],[00],[00],[b1],1624688914
[02],[59],[00],[38],[62],[00],[00],[b0],1624688914
[02],[59],[00],[39],[62],[00],[00],[b0],1624688914
[02],[59],[00],[3a],[62],[00],[00],[b0],1624688915
[02],[5a],[00],[3b],[62],[00],[00],[b0],1624688915
[02],[59],[00],[3c],[62],[00],[00],[b0],1624688915
[02],[5a],[00],[3d],[62],[00],[00],[b0],1624688915
[02],[59],[00],[3e],[62],[00],[00],[b0],1624688915
[02],[59],[00],[3f],[62],[00],[00],[b0],1624688915
[02],[59],[00],[40],[62],[00],[00],[b0],1624688915
[02],[59],[00],[41],[62],[00],[00],[b0],1624688915
[02],[59],[00],[42],[62],[00],[00],[b0],1624688915
[02],[59],[00],[43],[62],[00],[00],[b0],1624688915
[02],[59],[00],[44],[62],[00],[00],[b0],1624688916
[02],[59],[00],[45],[62],[00],[00],[b0],1624688916
[02],[59],[00],[46],[62],[00],[00],[b1],1624688916
[02],[59],[00],[47],[62],[00],[00],[b1],1624688916
[02],[59],[00],[48],[62],[00],[00],[b1],1624688916
[02],[59],[00],[49],[62],[00],[00],[b1],1624688916
[02],[59],[00],[4a],[62],[00],[ff],[b1],1624688916
[02],[59],[00],[4b],[62],[00],[00],[b0],1624688916
[02],[59],[00],[4c],[62],[00],[00],[b0],1624688916
[02],[59],[00],[4d],[62],[00],[00],[b0],1624688916
[02],[59],[00],[4e],[62],[00],[00],[b0],1624688917
[02],[5a],[00],[4f],[62],[00],[00],[b0],1624688917
[02],[59],[00],[50],[62],[00],[00],[b0],1624688917
[02],[59],[00],[51],[62],[00],[00],[b0],1624688917
[02],[59],[00],[52],[62],[00],[00],[b0],1624688917
[02],[00],[FF],[53],[00],[00],[00],[00],1624688917
[02],[59],[00],[54],[62],[00],[00],[b0],1624688917
[02],[59],[00],[55],[62],[00],[00],[b0],1624688917
[02],[59],[00],[56],[62],[00],[00],[b0],1624688917
[02],[59],[00],[57],[62],[00],[ff],[b0],1624688917
[02],[59],[00],[58],[62],[00],[ff],[b0],1624688918
[02],[5a],[00],[59],[62],[00],[00],[b0],1624688918
[02],[5a],[00],[5a],[62],[00],[ff],[b0],1624688918
[02],[59],[00],[5b],[62],[00],[00],[b0],1624688918
[02],[59],[00],[5c],[62],[00],[ff],[b0],1624688918
[02],[5a],[00],[5d],[62],[00],[ff],[b0],1624688918
[02],[5a],[00],[5e],[62],[00],[00],[b0],1624688918
[02],[59],[00],[5f],[62],[00],[ff],[b1],1624688918
[02],[59],[00],[60],[62],[00],[ff],[b1],1624688918
[02],[59],[00],[61],[62],[00],[ff],[b1],1624688918
[02],[5a],[00],[62],[62],[00],[ff],[b1],1624688919
[02],[5a],[00],[63],[62],[00],[ff],[b1],1624688919
[02],[59],[00],[64],[62],[00],[ff],[b1],1624688919
[02],[59],[00],[65],[62],[ff],[ff],[b1],1624688919
[02],[5a],[00],[66],[62],[00],[ff],[b1],1624688919
[02],[59],[00],[67],[62],[00],[ff],[b1],1624688919
[02],[59],[00],[68],[62],[00],[ff],[b1],1624688919
[02],[59],[00],[69],[62],[00],[ff],[b1],1624688919
[02],[5a],[00],[6a],[62],[00],[ff],[b1],1624688919
[02],[5a],[00],[6b],[62],[00],[ff],[b1],1624688919
[02],[59],[00],[6c],[62],[00],[ff],[b1],1624688920
[02],[59],[00],[6d],[62],[00],[ff],[b1],1624688920
[02],[59],[00],[6e],[62],[00],[00],[b1],1624688920
[02],[59],[00],[6f],[62],[00],[ff],[b1],1624688920
[02],[59],[00],[70],[62],[00],[ff],[b1],1624688920
[02],[59],[00],[71],[62],[00],[00],[b1],1624688920
[02],[59],[00],[72],[62],[00],[00],[b1],1624688920
[02],[59],[00],[73],[62],[00],[ff],[b1],1624688920
[02],[59],[00],[74],[62],[00],[00],[b1],1624688920
[02],[59],[00],[75],[62],[00],[ff],[b1],1624688920
[02],[59],[00],[76],[62],[00],[ff],[b1],1624688921
[02],[59],[00],[77],[62],[00],[00],[b1],1624688921
[02],[59],[00],[78],[62],[00],[ff],[b1],1624688921
[02],[59],[00],[79],[62],[00],[ff],[b1],1624688921
[02],[59],[00],[7a],[62],[00],[ff],[b1],1624688921
[02],[59],[00],[7b],[62],[00],[ff],[b1],1624688921
[02],[59],[00],[7c],[62],[00],[ff],[b1],1624688921
[02],[59],[00],[7d],[62],[00],[ff],[b1],1624688921
[02],[59],[00],[7e],[62],[00],[ff],[b1],1624688921
[02],[59],[00],[7f],[62],[00],[ff],[b0],1624688921
[02],[59],[00],[80],[62],[ff],[ff],[b0],1624688922
[02],[59],[00],[81],[62],[ff],[ff],[b1],1624688922
[02],[59],[00],[82],[62],[ff],[ff],[b1],1624688922
[02],[5a],[00],[83],[62],[00],[ff],[b1],1624688922
[02],[59],[00],[84],[62],[ff],[ff],[b1],1624688922
[02],[5a],[00],[85],[62],[ff],[ff],[b1],1624688922
[02],[59],[00],[86],[62],[ff],[ff],[b1],1624688922
[02],[59],[00],[87],[62],[ff],[ff],[b1],1624688922
[02],[5a],[00],[88],[62],[ff],[ff],[b1],1624688922
[02],[59],[00],[89],[62],[ff],[ff],[b1],1624688922
[02],[59],[00],[8a],[62],[ff],[ff],[b0],1624688923
[02],[00],[FF],[8b],[00],[00],[00],[00],1624688923
[02],[59],[00],[8c],[62],[00],[ff],[b0],1624688923
[02],[59],[00],[8d],[62],[00],[ff],[b0],1624688923
[02],[59],[00],[8e],[62],[00],[ff],[b0],1624688923
[02],[59],[00],[8f],[62],[00],[ff],[b0],1624688923
[02],[5a],[00],[90],[62],[00],[ff],[b0],1624688923
[02],[59],[00],[91],[62],[00],[ff],[b0],1624688923
[02],[59],[00],[92],[62],[00],[ff],[b0],1624688923
[02],[59],[00],[93],[62],[00],[ff],[b0],1624688923
[02],[59],[00],[94],[62],[00],[ff],[b0],1624688924
[02],[59],[00],[95],[62],[00],[ff],[b0],1624688924
[02],[59],[00],[96],[62],[00],[ff],[b0],1624688924
[02],[59],[00],[97],[62],[00],[ff],[b0],1624688924
[02],[00],[FF],[98],[00],[00],[00],[00],1624688924
[02],[59],[00],[99],[62],[ff],[ff],[b0],1624688924
[02],[59],[00],[9a],[62],[00],[ff],[b0],1624688924
[02],[59],[00],[9b],[62],[00],[ff],[b0],1624688924
[02],[59],[00],[9c],[62],[00],[ff],[b0],1624688924
[02],[59],[00],[9d],[62],[ff],[ff],[b0],1624688924
[02],[59],[00],[9e],[62],[00],[ff],[b0],1624688925
[02],[59],[00],[9f],[62],[00],[ff],[b0],1624688925
[02],[59],[00],[a0],[62],[00],[ff],[b0],1624688925
[02],[59],[00],[a1],[62],[00],[ff],[b0],1624688925
[02],[59],[00],[a2],[62],[00],[ff],[b0],1624688925
[02],[59],[00],[a3],[62],[00],[ff],[b0],1624688925
[02],[59],[00],[a4],[62],[00],[ff],[b1],1624688925
[02],[59],[00],[a5],[62],[00],[00],[b1],1624688925
[02],[59],[00],[a6],[62],[00],[00],[b1],1624688925
[02],[59],[00],[a7],[62],[00],[00],[b1],1624688926
[02],[59],[00],[a8],[62],[ff],[00],[b0],1624688926
[02],[59],[00],[a9],[62],[ff],[00],[b0],1624688926
[02],[59],[00],[aa],[62],[ff],[00],[b0],1624688926
[02],[5a],[00],[ab],[62],[00],[00],[b0],1624688926
[02],[59],[00],[ac],[62],[00],[00],[b0],1624688926
[02],[5a],[00],[ad],[62],[ff],[00],[b0],1624688926
[02],[59],[00],[ae],[62],[ff],[00],[b0],1624688926
[02],[59],[00],[af],[62],[ff],[ff],[b0],1624688926
[02],[59],[00],[b0],[62],[ff],[00],[b0],1624688926
[02],[59],[00],[b1],[62],[ff],[ff],[b1],1624688926
[02],[59],[00],[b2],[62],[ff],[00],[b1],1624688927
[02],[59],[00],[b3],[62],[ff],[00],[b1],1624688927
[02],[59],[00],[b4],[62],[ff],[00],[b1],1624688927
[02],[59],[00],[b5],[62],[00],[00],[b0],1624688927
[02],[59],[00],[b6],[62],[ff],[ff],[b1],1624688927
[02],[59],[00],[b7],[62],[ff],[ff],[b0],1624688927
[02],[5a],[00],[b8],[62],[ff],[ff],[b0],1624688927
[02],[59],[00],[b9],[62],[ff],[ff],[b0],1624688927
[02],[59],[00],[ba],[62],[00],[ff],[b0],1624688927
[02],[00],[FF],[bb],[00],[00],[00],[00],1624688928
[02],[59],[00],[bc],[62],[ff],[ff],[b0],1624688928
[02],[59],[00],[bd],[62],[ff],[ff],[b0],1624688928
[02],[59],[00],[be],[62],[ff],[ff],[b0],1624688928
[02],[59],[00],[bf],[62],[ff],[ff],[b1],1624688928
[02],[59],[00],[c0],[62],[ff],[ff],[b0],1624688928
[02],[59],[00],[c1],[62],[ff],[ff],[b0],1624688928
[02],[59],[00],[c2],[62],[ff],[ff],[b0],1624688928
[02],[59],[00],[c3],[62],[ff],[ff],[b0],1624688928
[02],[59],[00],[c4],[62],[00],[ff],[b0],1624688928
[02],[5a],[00],[c5],[62],[00],[ff],[b0],1624688928
[02],[5a],[00],[c6],[62],[00],[ff],[b0],1624688929
[02],[59],[00],[c7],[62],[00],[ff],[b0],1624688929
[02],[59],[00],[c8],[62],[00],[ff],[b0],1624688929
[02],[59],[00],[c9],[62],[00],[ff],[b0],1624688929
[02],[59],[00],[ca],[62],[00],[ff],[b0],1624688929
[02],[5a],[00],[cb],[62],[00],[00],[b0],1624688929
[02],[59],[00],[cc],[62],[00],[ff],[b0],1624688929
[02],[59],[00],[cd],[62],[00],[00],[b0],1624688929
[02],[59],[00],[ce],[62],[00],[00],[b0],1624688929
[02],[59],[00],[cf],[62],[00],[00],[b0],1624688929
[02],[59],[00],[d0],[62],[00],[00],[b0],1624688930
[02],[59],[00],[d1],[62],[00],[00],[b0],1624688930
[02],[59],[00],[d2],[62],[00],[ff],[b0],1624688930
[02],[5a],[00],[d3],[62],[00],[00],[b0],1624688930
[02],[59],[00],[d4],[62],[00],[00],[b0],1624688930
[02],[59],[00],[d5],[62],[00],[00],[b0],1624688930
[02],[59],[00],[d6],[62],[00],[ff],[b0],1624688930
[02],[59],[00],[d7],[62],[00],[ff],[b0],1624688930
[02],[59],[00],[d8],[62],[00],[ff],[b0],1624688930
[02],[59],[00],[d9],[62],[00],[ff],[b0],1624688930
[02],[59],[00],[da],[62],[00],[ff],[b0],1624688931
[02],[59],[00],[db],[62],[00],[ff],[b0],1624688931
[02],[59],[00],[dc],[62],[00],[ff],[b0],1624688931
[02],[5a],[00],[dd],[62],[00],[ff],[b0],1624688931
[02],[59],[00],[de],[62],[00],[ff],[b0],1624688931
[02],[59],[00],[df],[62],[00],[ff],[b0],1624688931
[02],[59],[00],[e0],[62],[00],[ff],[b0],1624688931
[02],[59],[00],[e1],[62],[00],[ff],[b0],1624688931
[02],[5a],[00],[e2],[62],[00],[ff],[b1],1624688931
[02],[59],[00],[e3],[62],[00],[00],[b0],1624688931
[02],[59],[00],[e4],[62],[00],[ff],[b1],1624688932
[02],[59],[00],[e5],[62],[00],[ff],[b1],1624688932
[02],[59],[00],[e6],[62],[00],[00],[b1],1624688932
[02],[59],[00],[e7],[62],[00],[00],[b1],1624688932
[02],[59],[00],[e8],[62],[00],[00],[b1],1624688932
[02],[59],[00],[e9],[62],[00],[00],[b1],1624688932
[02],[59],[00],[ea],[62],[00],[ff],[b1],1624688932
[02],[59],[00],[eb],[62],[00],[ff],[b1],1624688932
[02],[59],[00],[ec],[62],[00],[00],[b0],1624688932
[02],[59],[00],[ed],[62],[00],[ff],[b1],1624688932
[02],[59],[00],[ee],[62],[00],[00],[b1],1624688933
[02],[59],[00],[ef],[62],[00],[00],[b1],1624688933
[02],[5a],[00],[f0],[62],[00],[ff],[b1],1624688933
[02],[59],[00],[f1],[62],[00],[00],[b1],1624688933
[02],[59],[00],[f2],[62],[00],[ff],[b1],1624688933
[02],[59],[00],[f3],[62],[00],[ff],[b1],1624688933
[02],[59],[00],[f4],[62],[00],[00],[b0],1624688933
[02],[59],[00],[f5],[62],[00],[00],[b0],1624688933
[02],[59],[00],[f6],[62],[00],[00],[b0],1624688933
[02],[59],[00],[f7],[62],[00],[00],[b0],1624688933
[02],[59],[00],[f8],[62],[00],[00],[b0],1624688934
[02],[59],[00],[f9],[62],[00],[00],[b0],1624688934
[02],[59],[00],[fa],[62],[00],[00],[b0],1624688934
[02],[59],[00],[fb],[62],[00],[00],[b0],1624688934
[02],[00],[FF],[fc],[00],[00],[00],[00],1624688934
[02],[59],[00],[fd],[62],[00],[00],[b0],1624688934
[02],[5a],[00],[fe],[62],[00],[00],[b0],1624688934
[02],[59],[00],[ff],[62],[00],[00],[b0],1624688934
[02],[59],[00],[00],[62],[00],[00],[b0],1624688934
[02],[00],[FF],[01],[00],[00],[00],[00],1624688935
[02],[59],[00],[02],[62],[00],[00],[b0],1624688935
[02],[59],[00],[03],[62],[00],[ff],[b1],1624688935
[02],[5a],[00],[04],[62],[00],[ff],[b1],1624688935
[02],[59],[00],[05],[62],[00],[ff],[b1],1624688935
[02],[59],[00],[06],[62],[00],[00],[b1],1624688935
[02],[59],[00],[07],[62],[00],[ff],[b0],1624688935
[02],[59],[00],[08],[62],[00],[ff],[b0],1624688935
[02],[59],[00],[09],[62],[00],[ff],[b1],1624688935
[02],[5a],[00],[0a],[62],[00],[ff],[b0],1624688935
[02],[59],[00],[0b],[62],[00],[ff],[b1],1624688935
[02],[59],[00],[0c],[62],[00],[ff],[b0],1624688936
[02],[59],[00],[0d],[62],[00],[ff],[b1],1624688936
[02],[59],[00],[0e],[62],[00],[ff],[b1],1624688936
[02],[59],[00],[0f],[62],[00],[ff],[b1],1624688936
[02],[59],[00],[10],[62],[00],[ff],[b0],1624688936
[02],[5a],[00],[11],[62],[00],[ff],[b0],1624688936
[02],[59],[00],[12],[62],[00],[ff],[b0],1624688936
[02],[59],[00],[13],[62],[00],[ff],[b1],1624688936
[02],[59],[00],[14],[62],[00],[ff],[b1],1624688936
[02],[59],[00],[15],[62],[00],[ff],[b1],1624688936
[02],[59],[00],[16],[62],[00],[ff],[b1],1624688937
[02],[59],[00],[17],[62],[00],[ff],[b1],1624688937
[02],[5a],[00],[18],[62],[00],[ff],[b1],1624688937
[02],[59],[00],[19],[62],[00],[ff],[b1],1624688937
[02],[59],[00],[1a],[62],[00],[00],[b0],1624688937
[02],[59],[00],[1b],[62],[00],[00],[b1],1624688937
[02],[59],[00],[1c],[62],[00],[00],[b1],1624688937
[02],[59],[00],[1d],[62],[00],[00],[b1],1624688937
[02],[59],[00],[1e],[62],[00],[00],[b1],1624688937
[02],[5a],[00],[1f],[62],[00],[00],[b0],1624688937
[02],[59],[00],[20],[62],[00],[00],[b0],1624688938
[02],[59],[00],[21],[62],[00],[00],[b0],1624688938
[02],[59],[00],[22],[62],[00],[ff],[b0],1624688938
[02],[59],[00],[23],[62],[00],[ff],[b0],1624688938
[02],[59],[00],[24],[62],[00],[ff],[b0],1624688938
[02],[5a],[00],[25],[62],[00],[ff],[b0],1624688938
[02],[59],[00],[26],[62],[00],[ff],[b0],1624688938
[02],[59],[00],[27],[62],[00],[ff],[b0],1624688938
[02],[59],[00],[28],[62],[00],[00],[b1],1624688938
[02],[59],[00],[29],[62],[00],[ff],[b0],1624688938
[02],[5a],[00],[2a],[62],[00],[00],[b0],1624688939
[02],[59],[00],[2b],[62],[00],[00],[b0],1624688939
[02],[59],[00],[2c],[62],[00],[00],[b0],1624688939
[02],[5a],[00],[2d],[62],[00],[00],[b0],1624688939
[02],[59],[00],[2e],[62],[00],[00],[b0],1624688939
[02],[59],[00],[2f],[62],[00],[ff],[b0],1624688939
[02],[5a],[00],[30],[62],[00],[00],[b0],1624688939
[02],[59],[00],[31],[62],[00],[00],[b0],1624688939
[02],[59],[00],[32],[62],[00],[00],[b1],1624688939
[02],[59],[00],[33],[62],[00],[00],[b0],1624688939
[02],[5a],[00],[34],[62],[00],[ff],[b1],1624688940
[02],[59],[00],[35],[62],[00],[00],[b1],1624688940
[02],[5a],[00],[36],[62],[00],[ff],[b0],1624688940
[02],[59],[00],[37],[62],[00],[ff],[b1],1624688940
[02],[59],[00],[38],[62],[00],[00],[b1],1624688940
[02],[59],[00],[39],[62],[00],[00],[b1],1624688940
[02],[5a],[00],[3a],[62],[00],[00],[b1],1624688940
[02],[59],[00],[3b],[62],[00],[00],[b1],1624688940
[02],[59],[00],[3c],[62],[00],[00],[b1],1624688940
[02],[59],[00],[3d],[62],[00],[00],[b1],1624688940
[02],[5a],[00],[3e],[62],[00],[00],[b1],1624688941
[02],[59],[00],[3f],[62],[00],[00],[b1],1624688941
[02],[59],[00],[40],[62],[00],[00],[b1],1624688941
[02],[5a],[00],[41],[62],[00],[ff],[b1],1624688941
[02],[00],[FF],[42],[00],[00],[00],[00],1624688941
[02],[59],[00],[43],[62],[00],[ff],[b0],1624688941
[02],[59],[00],[44],[62],[00],[ff],[b1],1624688941
[02],[59],[00],[45],[62],[00],[ff],[b1],1624688941
[02],[59],[00],[46],[62],[00],[00],[b1],1624688941
[02],[59],[00],[47],[62],[00],[00],[b1],1624688941
[02],[59],[00],[48],[62],[00],[00],[b1],1624688942
[02],[5a],[00],[49],[62],[ff],[00],[b1],1624688942
[02],[59],[00],[4a],[62],[00],[ff],[b1],1624688942
[02],[59],[00],[4b],[62],[00],[ff],[b1],1624688942
[02],[59],[00],[4c],[62],[00],[ff],[b1],1624688942
[02],[59],[00],[4d],[62],[00],[ff],[b1],1624688942
[02],[59],[00],[4e],[62],[00],[ff],[b1],1624688942
[02],[59],[00],[4f],[62],[00],[ff],[b1],1624688942
[02],[5a],[00],[50],[62],[00],[ff],[b1],1624688942
[02],[59],[00],[51],[62],[00],[00],[b1],1624688942
[02],[59],[00],[52],[62],[00],[ff],[b1],1624688943
[02],[59],[00],[53],[62],[00],[ff],[b1],1624688943
[02],[59],[00],[54],[62],[00],[ff],[b1],1624688943
[02],[59],[00],[55],[62],[00],[ff],[b1],1624688943
[02],[5a],[00],[56],[62],[00],[ff],[b1],1624688943
[02],[59],[00],[57],[62],[00],[ff],[b1],1624688943
[02],[59],[00],[58],[62],[00],[ff],[b1],1624688943
[02],[5a],[00],[59],[62],[00],[ff],[b1],1624688943
[02],[59],[00],[5a],[62],[00],[ff],[b0],1624688943
[02],[59],[00],[5b],[62],[00],[ff],[b0],1624688943
[02],[59],[00],[5c],[62],[00],[ff],[b0],1624688944
[02],[59],[00],[5d],[62],[00],[ff],[b0],1624688944
[02],[59],[00],[5e],[62],[00],[ff],[b0],1624688944
[02],[59],[00],[5f],[62],[00],[ff],[b0],1624688944
[02],[59],[00],[60],[62],[00],[ff],[b0],1624688944
[02],[59],[00],[61],[62],[00],[00],[b0],1624688944
[02],[59],[00],[62],[62],[00],[00],[b0],1624688944
[02],[59],[00],[63],[62],[00],[00],[b0],1624688944
[02],[59],[00],[64],[62],[00],[00],[b0],1624688944
[02],[59],[00],[65],[62],[00],[00],[b0],1624688944
[02],[59],[00],[66],[62],[00],[00],[b0],1624688945
[02],[59],[00],[67],[62],[00],[00],[b0],1624688945
[02],[59],[00],[68],[62],[00],[ff],[b0],1624688945
[02],[59],[00],[69],[62],[00],[ff],[b0],1624688945
[02],[59],[00],[6a],[62],[00],[ff],[b0],1624688945
[02],[59],[00],[6b],[62],[00],[ff],[b0],1624688945
[02],[59],[00],[6c],[62],[00],[ff],[b0],1624688945
[02],[5a],[00],[6d],[62],[00],[ff],[b0],1624688945
[02],[59],[00],[6e],[62],[00],[ff],[b0],1624688945
[02],[59],[00],[6f],[62],[ff],[ff],[b0],1624688945
[02],[59],[00],[70],[62],[ff],[ff],[b0],1624688946
[02],[59],[00],[71],[62],[ff],[ff],[b0],1624688946
[02],[59],[00],[72],[62],[ff],[ff],[b0],1624688946
[02],[59],[00],[73],[62],[00],[ff],[b0],1624688946
[02],[59],[00],[74],[62],[ff],[ff],[b0],1624688946
[02],[5a],[00],[75],[62],[ff],[ff],[b0],1624688946
[02],[00],[FF],[76],[00],[00],[00],[00],1624688946
[02],[59],[00],[77],[62],[ff],[ff],[b0],1624688946
[02],[59],[00],[78],[62],[ff],[ff],[b0],1624688946
[02],[59],[00],[79],[62],[ff],[ff],[b0],1624688946
[02],[59],[00],[7a],[62],[ff],[ff],[b0],1624688947
[02],[5a],[00],[7b],[62],[ff],[ff],[b0],1624688947
[02],[59],[00],[7c],[62],[00],[ff],[b0],1624688947
[02],[59],[00],[7d],[62],[00],[ff],[b0],1624688947
[02],[5a],[00],[7e],[62],[00],[ff],[b0],1624688947
[02],[59],[00],[7f],[62],[00],[ff],[b0],1624688947
[02],[59],[00],[80],[62],[00],[ff],[b0],1624688947
[02],[59],[00],[81],[62],[00],[ff],[b0],1624688947
[02],[00],[FF],[82],[00],[00],[00],[00],1624688947
[02],[5a],[00],[83],[62],[ff],[ff],[b0],1624688947
[02],[59],[00],[84],[62],[ff],[ff],[b0],1624688948
[02],[5a],[00],[85],[62],[ff],[ff],[b0],1624688948
[02],[59],[00],[86],[62],[ff],[ff],[b0],1624688948
[02],[5a],[00],[87],[62],[ff],[ff],[b0],1624688948
[02],[5a],[00],[88],[62],[ff],[ff],[b0],1624688948
[02],[59],[00],[89],[62],[ff],[ff],[b0],1624688948
[02],[5a],[00],[8a],[62],[ff],[ff],[b0],1624688948
[02],[59],[00],[8b],[62],[ff],[ff],[b0],1624688948
[02],[59],[00],[8c],[62],[ff],[ff],[b0],1624688948
[02],[59],[00],[8d],[62],[ff],[ff],[b1],1624688948
[02],[59],[00],[8e],[62],[ff],[ff],[b0],1624688949
[02],[59],[00],[8f],[62],[ff],[ff],[b0],1624688949
[02],[5a],[00],[90],[62],[ff],[ff],[b0],1624688949
[02],[59],[00],[91],[62],[00],[ff],[b0],1624688949
[02],[59],[00],[92],[62],[ff],[ff],[b0],1624688949
[02],[5a],[00],[93],[62],[00],[ff],[b0],1624688949
[02],[59],[00],[94],[62],[00],[ff],[b0],1624688949
[02],[59],[00],[95],[62],[00],[ff],[b0],1624688949
[02],[59],[00],[96],[62],[00],[ff],[b0],1624688949
[02],[5a],[00],[97],[62],[00],[ff],[b0],1624688949
[02],[5a],[00],[98],[62],[00],[ff],[b0],1624688950
[02],[59],[00],[99],[62],[00],[ff],[b0],1624688950
[02],[59],[00],[9a],[62],[00],[ff],[b0],1624688950
[02],[59],[00],[9b],[62],[00],[ff],[b0],1624688950
[02],[59],[00],[9c],[62],[00],[ff],[b0],1624688950
[02],[59],[00],[9d],[62],[00],[ff],[b0],1624688950
[02],[5a],[00],[9e],[62],[00],[ff],[b0],1624688950
[02],[59],[00],[9f],[62],[00],[ff],[b0],1624688950
[02],[59],[00],[a0],[62],[00],[ff],[b0],1624688950
[02],[59],[00],[a1],[62],[00],[ff],[b0],1624688950
[02],[5a],[00],[a2],[62],[00],[ff],[b0],1624688951
[02],[59],[00],[a3],[62],[00],[ff],[b0],1624688951
[02],[00],[FF],[a4],[00],[00],[00],[00],1624688951
[02],[59],[00],[a5],[62],[00],[ff],[b0],1624688951
[02],[59],[00],[a6],[62],[00],[ff],[b0],1624688951
[02],[59],[00],[a7],[62],[00],[ff],[b0],1624688951
[02],[59],[00],[a8],[62],[00],[ff],[b0],1624688951
[02],[59],[00],[a9],[62],[00],[ff],[b0],1624688951
[02],[59],[00],[aa],[62],[00],[ff],[b0],1624688951
[02],[59],[00],[ab],[62],[00],[ff],[b0],1624688951
[02],[59],[00],[ac],[62],[00],[ff],[b0],1624688952
[02],[59],[00],[ad],[62],[00],[ff],[b0],1624688952
[02],[59],[00],[ae],[62],[00],[ff],[b0],1624688952
[02],[5a],[00],[af],[62],[00],[ff],[b0],1624688952
[02],[5a],[00],[b0],[62],[00],[ff],[b0],1624688952
[02],[59],[00],[b1],[62],[00],[ff],[b0],1624688952
[02],[59],[00],[b2],[62],[ff],[ff],[b0],1624688952
[02],[59],[00],[b3],[62],[00],[ff],[b0],1624688952
[02],[59],[00],[b4],[62],[00],[ff],[b0],1624688952
[02],[59],[00],[b5],[62],[00],[ff],[b0],1624688952
[02],[59],[00],[b6],[62],[00],[00],[b0],1624688953
[02],[59],[00],[b7],[62],[00],[ff],[b0],1624688953
[02],[59],[00],[b8],[62],[00],[ff],[b0],1624688953
[02],[59],[00],[b9],[62],[00],[ff],[b1],1624688953
[02],[59],[00],[ba],[62],[ff],[ff],[b1],1624688953
[02],[59],[00],[bb],[62],[ff],[ff],[b0],1624688953
[02],[59],[00],[bc],[62],[ff],[ff],[b1],1624688953
[02],[59],[00],[bd],[62],[ff],[ff],[b0],1624688953
[02],[59],[00],[be],[62],[00],[ff],[b1],1624688953
[02],[59],[00],[bf],[62],[00],[ff],[b1],1624688953
[02],[59],[00],[c0],[62],[00],[ff],[b1],1624688954
[02],[59],[00],[c1],[62],[00],[ff],[b1],1624688954
[02],[59],[00],[c2],[62],[ff],[ff],[b1],1624688954
[02],[59],[00],[c3],[62],[00],[ff],[b0],1624688954
[02],[5a],[00],[c4],[62],[00],[ff],[b1],1624688954
[02],[59],[00],[c5],[62],[00],[ff],[b1],1624688954
[02],[59],[00],[c6],[62],[ff],[ff],[b1],1624688954
[02],[59],[00],[c7],[62],[00],[ff],[b1],1624688954
[02],[59],[00],[c8],[62],[00],[ff],[b1],1624688954
[02],[59],[00],[c9],[62],[ff],[ff],[b1],1624688955
[02],[59],[00],[ca],[62],[00],[ff],[b1],1624688955
[02],[59],[00],[cb],[62],[ff],[ff],[b1],1624688955
[02],[59],[00],[cc],[62],[ff],[ff],[b1],1624688955
[02],[59],[00],[cd],[62],[ff],[ff],[b1],1624688955
[02],[59],[00],[ce],[62],[ff],[ff],[b1],1624688955
[02],[59],[00],[cf],[62],[00],[ff],[b1],1624688955
[02],[59],[00],[d0],[62],[00],[ff],[b1],1624688955
[02],[59],[00],[d1],[62],[00],[ff],[b1],1624688955
[02],[59],[00],[d2],[62],[00],[ff],[b1],1624688955
[02],[59],[00],[d3],[62],[00],[ff],[b0],1624688955
[02],[59],[00],[d4],[62],[ff],[ff],[b0],1624688956
[02],[59],[00],[d5],[62],[00],[ff],[b1],1624688956
[02],[5a],[00],[d6],[62],[ff],[ff],[b1],1624688956
[02],[59],[00],[d7],[62],[00],[ff],[b1],1624688956
[02],[59],[00],[d8],[62],[00],[ff],[b1],1624688956
[02],[59],[00],[d9],[62],[00],[ff],[b1],1624688956
[02],[59],[00],[da],[62],[00],[ff],[b1],1624688956
[02],[59],[00],[db],[62],[00],[ff],[b1],1624688956
[02],[59],[00],[dc],[62],[00],[ff],[b1],1624688956
[02],[59],[00],[dd],[62],[00],[ff],[b1],1624688956
[02],[59],[00],[de],[62],[00],[ff],[b1],1624688957
[02],[59],[00],[df],[62],[00],[ff],[b1],1624688957
[02],[59],[00],[e0],[62],[00],[ff],[b1],1624688957
[02],[59],[00],[e1],[62],[00],[ff],[b1],1624688957
[02],[59],[00],[e2],[62],[00],[ff],[b1],1624688957
[02],[59],[00],[e3],[62],[00],[ff],[b1],1624688957
[02],[59],[00],[e4],[62],[00],[ff],[b1],1624688957
[02],[59],[00],[e5],[62],[00],[ff],[b1],1624688957
[02],[59],[00],[e6],[63],[ff],[ff],[b1],1624688957
[02],[59],[00],[e7],[62],[00],[ff],[b1],1624688957
[02],[59],[00],[e8],[63],[00],[ff],[b1],1624688958
[02],[59],[00],[e9],[62],[00],[ff],[b1],1624688958
